0000000000000000010010010000000000000000000000000000000000000000
0000000000000000000010010000011000000010000000000100000000000000
0000000000000000000011001100000000000001000000000001000100000000
0000000000000000000010111100000000000001000000000001000100000000
0000000000000000011010100000000000000000000000000000000000000000
0000000000000000000010010000011000000010000000000100000000001000
0000000000000000000011001100000000000001000000000110100100000000
0000000000000000000010111100000000000001000000000110100100000000
0000000000000000100100100100000000000001000000001010000100000000
0000000000000000000010010000011000000010000000000100000000010000
0000000000000000000011000100000000000001000000000001000100000000
0000000000000000000011101100000000000001000000000001000100000000
0000000000000000000010010000000100000001000010000110000000000000
0000000000000000100100101010000010010000001000000000000010000000
0000000000000000000010010000011000000001000000000001000100000000
0000000000000000100110101010000010000000001000000000000000000000
0000000000000000001010000000000000000000000000000000000000000110
0000000000000000000000000000000000000000000000000000000000000000
0000000000000000101100001100000100001000000000000000000000000000
0000000000000000000000000000000000000000000000000000000000000000
0000000000000000000010010000010100001000000010010010000000000000
0000000000000000000010010000010100001000000010010011100000000000
0000000000000000000010010000000100000000000010000001000100000000
0000000000000000000010000010000000000001000000000010000100000000
0000000000000000001011000010000000000000000000000000000000000100
0000000000000000001011001010000000000000000000000000000000000100
0000000000000000000011001100000000000100000000000000000000000000
0000000000000000000010010000011000000100000000000000000000000000
0000000000000000001011100010010000001000000000010000000000000100
0000000000000000001011101010000000000000000000000000000000000100
0000000000000000000010010000000100000100000001000000000000000000
0000000000000000000010111100000000000100000000000000000000000000
0000000000000001000000000000100000000000000000000000000000000000
0000000000000000001100001010000000000000000000000000000000000100
0000000000000000100110011000010000000000000100101000000000000000
0000000000000000000100000001000000000100000000000000000000000000
0000000000000000001100100010000000000000000000000000000000000100
0000000000000000000101001100010000000000000100101000001000000000
0000000000000000000100111000000100000100000001000000000000000000
0000000000000000000101000100010000000000000100101000000000000000
0000000000000000001101000010000000000000000000000000000000000100
0000000000000000001101001000000000000000000000000000000000000110
0000000000000000000100010000001010000100000000000000000000100000
0000000000000000000101111010000000000000010000000000000000000000
0000000000000000000110000010000010010000001000000000000001000000
0000000000000000000100101000010000100000000100101000010000000000
0000000000000000000000000000000000000000000000000000000000000000
0000000000000000000110000100010000000000000100101000001000000000
0000000000000000001110000000000000000000000000000000000000000110
0000000000000000100100101010000010010000101000000000000000000000
0000000000000000000110100100000000000000100000000000000000000000
0000000000000000000010010000000000000000000000000000000000000000
0000000000000000001110100010000000000000000000000000000000000100
0000000000000000000111000100010000000000000100101000001000000000
0000000000000000000010010000000100000100000001000000000000000000
0000000000000000000000000000000000000000000000000000000000000000
0000000000000000001111000000000000000000000000000000000000000110
0000000000000000000111100100010000000000000100101000001000000000
0000000000000000000111001010000000001000000000000000000000000000
0000000000000000000010010000010001000000000100101000011000000000
0000000000000000001111100000000000000000000000000000000000000110
0000000000000000000110101000010000100000000100101000010000000000
0000000000000000000110100100000000000001000000000000000000000000
